/*--------------------------------*- C++ -*----------------------------------*\
  =========                 |
  \\      /  F ield         | OpenFOAM: The Open Source CFD Toolbox
   \\    /   O peration     | Website:  https://openfoam.org
    \\  /    A nd           | Version:  8
     \\/     M anipulation  |
\*---------------------------------------------------------------------------*/
FoamFile
{
    version     2.0;
    format      ascii;
    class       faceList;
    location    "constant/polyMesh";
    object      faces;
}
// * * * * * * * * * * * * * * * * * * * * * * * * * * * * * * * * * * * * * //


101
(
4(2 24 25 3)
4(4 26 27 5)
4(6 28 29 7)
4(8 30 31 9)
4(10 32 33 11)
4(12 34 35 13)
4(14 36 37 15)
4(16 38 39 17)
4(18 40 41 19)
4(20 42 43 21)
4(44 64 65 45)
4(46 66 67 47)
4(48 68 69 49)
4(50 70 71 51)
4(52 72 73 53)
4(54 74 75 55)
4(56 76 77 57)
4(58 78 79 59)
4(60 80 81 61)
4(0 1 23 22)
4(62 82 83 63)
4(0 2 3 1)
4(2 4 5 3)
4(4 6 7 5)
4(6 8 9 7)
4(8 10 11 9)
4(10 12 13 11)
4(12 14 15 13)
4(14 16 17 15)
4(16 18 19 17)
4(18 20 21 19)
4(22 23 25 24)
4(24 25 27 26)
4(26 27 29 28)
4(28 29 31 30)
4(30 31 33 32)
4(32 33 35 34)
4(34 35 37 36)
4(36 37 39 38)
4(38 39 41 40)
4(40 41 43 42)
4(20 44 45 21)
4(44 46 47 45)
4(46 48 49 47)
4(48 50 51 49)
4(50 52 53 51)
4(52 54 55 53)
4(54 56 57 55)
4(56 58 59 57)
4(58 60 61 59)
4(60 62 63 61)
4(42 43 65 64)
4(64 65 67 66)
4(66 67 69 68)
4(68 69 71 70)
4(70 71 73 72)
4(72 73 75 74)
4(74 75 77 76)
4(76 77 79 78)
4(78 79 81 80)
4(80 81 83 82)
4(1 3 25 23)
4(3 5 27 25)
4(5 7 29 27)
4(7 9 31 29)
4(9 11 33 31)
4(11 13 35 33)
4(13 15 37 35)
4(15 17 39 37)
4(17 19 41 39)
4(19 21 43 41)
4(0 22 24 2)
4(2 24 26 4)
4(4 26 28 6)
4(6 28 30 8)
4(8 30 32 10)
4(10 32 34 12)
4(12 34 36 14)
4(14 36 38 16)
4(16 38 40 18)
4(18 40 42 20)
4(21 45 65 43)
4(45 47 67 65)
4(47 49 69 67)
4(49 51 71 69)
4(51 53 73 71)
4(53 55 75 73)
4(55 57 77 75)
4(57 59 79 77)
4(59 61 81 79)
4(61 63 83 81)
4(20 42 64 44)
4(44 64 66 46)
4(46 66 68 48)
4(48 68 70 50)
4(50 70 72 52)
4(52 72 74 54)
4(54 74 76 56)
4(56 76 78 58)
4(58 78 80 60)
4(60 80 82 62)
)


// ************************************************************************* //
