/*--------------------------------*- C++ -*----------------------------------*\
  =========                 |
  \\      /  F ield         | OpenFOAM: The Open Source CFD Toolbox
   \\    /   O peration     | Website:  https://openfoam.org
    \\  /    A nd           | Version:  8
     \\/     M anipulation  |
\*---------------------------------------------------------------------------*/
FoamFile
{
    version     2.0;
    format      ascii;
    class       vectorField;
    location    "constant/polyMesh";
    object      points;
}
// * * * * * * * * * * * * * * * * * * * * * * * * * * * * * * * * * * * * * //


84
(
(0 0 0)
(0.1473 0 0)
(0 0.05263244569 0)
(0.1473 0.05263244569 0)
(0 0.11244294 0)
(0.1473 0.11244294 0)
(0 0.1804104302 0)
(0.1473 0.1804104302 0)
(0 0.2576473728 0)
(0.1473 0.2576473728 0)
(0 0.345417942 0)
(0.1473 0.345417942 0)
(0 0.445158721 0)
(0.1473 0.445158721 0)
(0 0.5585022151 0)
(0.1473 0.5585022151 0)
(0 0.6873035719 0)
(0.1473 0.6873035719 0)
(0 0.8336709451 0)
(0.1473 0.8336709451 0)
(0 1 0)
(0.1473 1 0)
(0 0 0.0982)
(0.1473 0 0.0982)
(0 0.05263244569 0.0982)
(0.1473 0.05263244569 0.0982)
(0 0.11244294 0.0982)
(0.1473 0.11244294 0.0982)
(0 0.1804104302 0.0982)
(0.1473 0.1804104302 0.0982)
(0 0.2576473728 0.0982)
(0.1473 0.2576473728 0.0982)
(0 0.345417942 0.0982)
(0.1473 0.345417942 0.0982)
(0 0.445158721 0.0982)
(0.1473 0.445158721 0.0982)
(0 0.5585022151 0.0982)
(0.1473 0.5585022151 0.0982)
(0 0.6873035719 0.0982)
(0.1473 0.6873035719 0.0982)
(0 0.8336709451 0.0982)
(0.1473 0.8336709451 0.0982)
(0 1 0.0982)
(0.1473 1 0.0982)
(0 1.166336291 0)
(0.1473 1.166336291 0)
(0 1.312708198 0)
(0.1473 1.312708198 0)
(0 1.441511931 0)
(0.1473 1.441511931 0)
(0 1.554856097 0)
(0.1473 1.554856097 0)
(0 1.654596218 0)
(0.1473 1.654596218 0)
(0 1.742365109 0)
(0.1473 1.742365109 0)
(0 1.819599607 0)
(0.1473 1.819599607 0)
(0 1.887564094 0)
(0.1473 1.887564094 0)
(0 1.947371198 0)
(0.1473 1.947371198 0)
(0 2 0)
(0.1473 2 0)
(0 1.166336291 0.0982)
(0.1473 1.166336291 0.0982)
(0 1.312708198 0.0982)
(0.1473 1.312708198 0.0982)
(0 1.441511931 0.0982)
(0.1473 1.441511931 0.0982)
(0 1.554856097 0.0982)
(0.1473 1.554856097 0.0982)
(0 1.654596218 0.0982)
(0.1473 1.654596218 0.0982)
(0 1.742365109 0.0982)
(0.1473 1.742365109 0.0982)
(0 1.819599607 0.0982)
(0.1473 1.819599607 0.0982)
(0 1.887564094 0.0982)
(0.1473 1.887564094 0.0982)
(0 1.947371198 0.0982)
(0.1473 1.947371198 0.0982)
(0 2 0.0982)
(0.1473 2 0.0982)
)


// ************************************************************************* //
